.Random.seed <-
c(403L, 289L, 1233062687L, 8255503L, 983479969L, 1308897934L, 
1789450718L, -1958369709L, 1776471295L, -872646305L, 1264166892L, 
-1223676144L, -448660083L, -97360583L, 1814181266L, -1310829417L, 
1693220430L, 300633468L, -176814919L, -1290030537L, -782758828L, 
-1721447496L, 1067060272L, 1298794938L, 1394470961L, 1144322491L, 
1824582283L, -1900474127L, -952233471L, 1609963285L, -178113551L, 
-353258483L, 1430150168L, -1477976564L, 697048424L, -1392425235L, 
-1684925697L, 2070510478L, -1950974879L, -225622278L, -1893006438L, 
1333934874L, 1449183127L, -671747748L, 1660883816L, 1768645495L, 
1010386475L, 1028344675L, -1264317539L, -1693098994L, -1545895639L, 
-1728427712L, -1299567690L, 2022533154L, 1960255790L, 894622681L, 
-2025318521L, 954846820L, 397069736L, 2051170156L, 2119975010L, 
-1743956478L, 1789527066L, 2092670205L, -381062114L, 1252753647L, 
1249607959L, 16004453L, -1708977978L, 2132869790L, 787193404L, 
-1190827738L, -399946845L, -33392679L, -811946774L, -987573705L, 
1624533433L, 114572855L, 676981164L, -219910239L, 1448704395L, 
723150112L, -92223L, 733927625L, 450082833L, 2121579403L, -1411057688L, 
1803188275L, 1920975561L, 1226814002L, -514344640L, 328697795L, 
1194656399L, -1691345679L, 420747806L, 1655873378L, -2144576248L, 
-842910231L, 950963822L, -439763178L, -1802358301L, -605772304L, 
-2114884112L, 602267362L, -1599147883L, -442152853L, 2085665500L, 
-920059747L, 1767255684L, 1099225340L, -980937194L, 53576554L, 
-2059348882L, 1452703671L, -732164923L, 1433615969L, -17751993L, 
1554251942L, 1428692814L, 782353793L, 2031416447L, -1130310955L, 
64247795L, -1955169154L, -85653023L, 1106489084L, 2080528620L, 
-918750101L, -1026700162L, -1799622580L, -1496609470L, 160684541L, 
-497715841L, -1214124935L, -1661476796L, 1991099876L, 205366326L, 
-38534827L, 259007136L, 2075926996L, -421167060L, -659547003L, 
666058252L, 1476429051L, 260065647L, -151986277L, -677255487L, 
-3301602L, 790646225L, 1076540107L, -1139257618L, 708295897L, 
-1197720697L, -1145168443L, 342729857L, 1012291422L, -1349642733L, 
38640771L, 860135781L, -667049168L, 1149608676L, -1212752401L, 
2078508417L, -144512115L, -1004030934L, -946666890L, 1344658836L, 
1002245252L, -10562827L, 304947206L, 373103366L, -754792164L, 
-934359950L, 153642067L, 35002050L, 1857758021L, 1274512515L, 
2094295965L, 907318251L, 610352210L, 184934694L, 1155971029L, 
-529967599L, -307144813L, -1737665139L, -879984338L, -668218566L, 
346837783L, 407228224L, -1397870981L, -1575543961L, 1390527298L, 
-768126135L, -1820473586L, 1389548642L, 2131383533L, 1051019409L, 
1809004273L, -1147607299L, 1925859840L, 686108048L, -623948832L, 
-1706826735L, -895204671L, 1398747769L, -89934097L, -300722909L, 
-705276936L, -1223010399L, -1560581891L, 95148701L, -1132193226L, 
-1768160574L, -579086538L, -358900089L, 1301995642L, 775659255L, 
485686831L, -1411971547L, 421609283L, 1769173339L, 449849240L, 
1516739582L, 996141408L, 663612607L, -574891370L, -737361016L, 
534296582L, 1383459988L, 2079886568L, 1549730507L, -1151286530L, 
-2041353846L, 2096586130L, 134005911L, 83804735L, 339818350L, 
2019823965L, -653694348L, -522145828L, -865658162L, 1743976950L, 
-32355311L, -1015461678L, -211140248L, -1907394386L, 1193663626L, 
-1812242764L, 2000392739L, 479512112L, -814926924L, 1403251709L, 
-1773945457L, -1035904394L, 34488587L, 1781904030L, 914235088L, 
2084192504L, -188449700L, 2296775L, -1676656218L, -1265242182L, 
-2118811651L, -1727329926L, -1025755271L, 1405702866L, 1451232534L, 
924351571L, 847302591L, 440521369L, -1284560141L, 2100740257L, 
1553951117L, -1384723115L, -2143105296L, -332026547L, -1280299930L, 
798715159L, -1068947827L, 980067054L, 574786088L, -193444934L, 
-1672038310L, 344405623L, -1448764862L, 1090202092L, -1901571415L, 
601411950L, -649068213L, -1281187682L, -1272525426L, -1302604910L, 
2019100081L, -713671801L, 1349231728L, -1603915912L, -1268932479L, 
-1472255762L, -624235176L, -861713701L, -1394238555L, -140788287L, 
-1974531009L, -350097900L, -1046374418L, 290148480L, 1368878307L, 
1654286340L, -425449202L, 1232013311L, 1837222944L, 1248866890L, 
272009564L, -902186658L, 1463584884L, 1473633732L, -1068686466L, 
-1780695940L, 1427991795L, -1494413974L, -944539840L, -1239108145L, 
88089212L, -1421910942L, 1879402270L, -832089357L, 1086365132L, 
1029096991L, -1370831672L, -1380538815L, 990896652L, -36606701L, 
1851142632L, -1524444631L, 1129923238L, -1597795555L, -1071415363L, 
-962624759L, 2057792171L, 1022667884L, -2020112160L, -209205853L, 
688229257L, 1517150411L, 1729362575L, 1582191022L, 1969960723L, 
1396654115L, 1451434955L, 1083087605L, 32063898L, 1891118212L, 
-24620944L, 695447065L, 2098947623L, -1083878446L, -594079692L, 
-1320948138L, -97679689L, 1548497954L, 188039580L, -620352044L, 
-537928682L, 1424919514L, 1240156096L, -804023943L, 1175720499L, 
411342300L, 1260465870L, 544041422L, 482077585L, 358538982L, 
764911163L, -819284961L, 1204794633L, -1733610887L, -1942300328L, 
1550381766L, -1000720014L, 781461192L, -1324682468L, 850982264L, 
1116191764L, -1518329832L, 1633918830L, 1069039472L, -1271818833L, 
1143255263L, -1589446479L, -877178173L, 844751546L, -269514942L, 
600259057L, -848851461L, 2115943575L, -1781776824L, -28266738L, 
337849178L, 155526939L, -942819759L, 437456948L, 299143743L, 
-1240609382L, 486903697L, 2019971604L, 1796590098L, 1559393517L, 
-1010372684L, 931168389L, -1300128890L, 1447571294L, -1989788194L, 
-1958384251L, 621186626L, 183426266L, 127865470L, 783389553L, 
1468904652L, 1455979860L, -1812741109L, 677802859L, -1953444256L, 
1419838223L, 1441201946L, 387785781L, -1633952355L, -2144529358L, 
297308308L, -2018595462L, 374643641L, -439591402L, 1534840780L, 
1776649776L, 1566909283L, 1777639781L, 825421554L, -1992577767L, 
-1152837977L, -1073715865L, -423959846L, 1345025867L, -1370584073L, 
755375496L, 1730633687L, 284262414L, -1238884749L, 1731834840L, 
479662550L, 758371497L, 1154560567L, -840574147L, -1591423631L, 
1437663817L, -186930542L, -1727213490L, -931124571L, -1372314319L, 
-541551460L, 1947628835L, -2016641036L, -1587847368L, -1541040332L, 
1368129702L, 2107042708L, 1000671704L, 848712244L, -1374031978L, 
-257677974L, -1901656933L, -1629802503L, -567279522L, -1974665949L, 
1159367289L, -683098976L, -2009197878L, 1625755798L, -791169268L, 
1339186326L, 890937848L, 74037650L, -1062524238L, -1597208504L, 
1129872957L, 190101142L, -1933776018L, 2098143385L, -1598215137L, 
1521075678L, -398684684L, 392649865L, 1934425293L, 442104345L, 
-577170788L, 185299663L, 1052668117L, -1254456290L, 231621947L, 
-114811867L, 1857565952L, 526502393L, 991926764L, 305509243L, 
1785239057L, 1701584103L, -732810630L, 287188524L, -1235382592L, 
1205358034L, 1126698021L, -1696915829L, 995187516L, 1263797450L, 
808078835L, 1964137651L, 1460747182L, 2103774953L, 1795569421L, 
-1164992010L, -1812839843L, -1646146464L, -646416759L, 1524982721L, 
-1406537025L, 1090899070L, 923895174L, 271908175L, 749894276L, 
993777420L, 278402005L, 623513653L, -856520288L, 954244682L, 
1740349106L, 1121677868L, 443063723L, -1452171445L, -1299347078L, 
1345142545L, -362216080L, -238464929L, 234148907L, 1550800910L, 
147008713L, 224121946L, 2118323486L, -1225410720L, -585201280L, 
-999911839L, -687012487L, -2123161317L, -1291513699L, -440532177L, 
-596299343L, -1095264962L, 1104321970L, 1761146801L, -1259951668L, 
191389479L, 1442769440L, 1135019215L, -26596765L, 2113600888L, 
6819291L, -1445368750L, -439122981L, -1150466784L, 1442766716L, 
1936191036L, 1400240221L, 1820522383L, 794114606L, 943870298L, 
-77631568L, -1974550675L, -452741938L, -2109212016L, -1647867990L, 
707410118L, -614880137L, -1919360443L, 408391532L, -1815145698L, 
-2035381366L, -626108773L, -1191620597L, 973763270L, -2050937814L, 
747295521L, 2012963628L, -867190837L, 1443323776L, -1201434877L, 
1466640475L, 124959669L, 1402715911L, 1209768097L, -2106692745L, 
